$ANSIBLE_VAULT;1.1;AES256
61303865346436323039646663373738393431333531616265303837396530646137663631633134
3535333266636466333738653165336332343738306336360a303239316538633034326636313635
35326134316534336239376430363437393432663337633337386132366666663034333166353039
3961343865633438380a343761313130623438383661646435346633346438336663323538303562
63393633363462363036313637393266306132613963366265333366346238346436383731626534
32373264626233386534653666336663363234383838336635366164373032663837353862326566
62376636613235363537323663663261363165653937633032303166373963353939336135373837
31613632363630306434393031626137333562353063353035303037616335613430616361623336
39626366626132303565613539373363353834383130373739613364313338393933663564333635
36333736656261376365326464333937323431646535663165336663366630653837633530633034
39633961393861306532386438393031303264316164626436366330656435316162303336376433
38303032376332356138333062393163376162666364626334616463363263316538313836643430
35373037636631313236383334313438356436643232373266623464393736303366666563326536
37313837386331386233663663326539393162356131336437333064646639336631643361393735
64336335343263366132653134356637336533303762356534633235646634613338646331636230
32323038346138396261376439636238326461656439656365323062626636636638313062626232
66366134653636343333386263313063326364333561303537626663313566623366393330636135
32616538643336666264326639373564656361663332656362383430356538626561646334306566
31356235356339396234393335343961353930613466336339383538363630313233313131346663
64633034653637356237663366643433616566326163633435323165633736363735323833333734
37343432386132353734653337636436633937633032373033396134636233306138396163333733
39353834373732313230663935656662646539313535303565316633623532393961396365373432
66663236303235623063636238373337623439613063623266303333663631306163333835616533
39366466343238316533333738353335666265356433313930376363633034393064383065633536
6464
