$ANSIBLE_VAULT;1.1;AES256
34333437633061663234326131616566343933623535633361386132616231343434366362313835
6233376262373863323533373363366333353838346262350a633834346637643431616434386337
31346536613134386638313335336139626263356138623435346234333664343165326438396366
3062343264383163310a373234373832303130663738336533393132383163623163623838633063
37663564373037363934353833373335346165323037346164623135373539636433616339356636
64323530373461643066653531616362643861643335326331656637353962653731313234383639
61376339373031303037633035653636646436613066333635343663396162353665633737633438
65633737663761323631313436653962313961316335636233343530633366663162346264666634
32663631303937663663306430363338653231656230313030343135653364616133336566646630
36386436343066623165643330316535336139663630343063386633666334393363333633333238
64313833393834326233343937393837633166313461616131363438663764653565656535383264
34323861636639323836636130366232373766346638356135303034396638643530613938643263
64626366333361336239646464613633366531366235616266303663663938323331323237626261
62333439353464626636316637353233326262376339326564356336646332346135393366613664
36613836346130386230666234383931353731313339376266333238303462376463366639343764
35356333616437343232396338666238663436653366356636353530346434663866613736333038
66383334303161643736653163343533303135396130643362653566383962373939346631336439
31333964306664313033316332663462396332663837343131306232366435653338376231353166
34663937303166383039613832343063386531313935343030363962336235383634396364633766
39386165613466316663363266303233396466623436373833656136663866323436663836646266
64623635313162356531323165313839316561613661626361646361656535646437613561613337
39623232643233366461393363663731666630343462333838383835656531613231633436343966
61616662396232303638383835383564623333646136316539653537346261383536613062313338
30643230616631306461643737326633653036356565363038383830326233376237643461383866
6632
